mass    x        y        z
14    14.248   0.557 -16.470
12    14.135   1.995 -16.831
12    15.122   2.895 -16.105
16    15.632   2.549 -15.041
14    15.373   4.061 -16.693
12    16.295   5.055 -16.154
12    15.546   5.969 -15.175
16    14.721   6.788 -15.588
12    16.870   5.876 -17.315
12    17.913   6.884 -16.872
16    17.736   7.503 -15.807
16    18.908   7.072 -17.605
14    15.843   5.831 -13.884
12    15.190   6.623 -12.842
12    15.286   8.138 -13.034
16    14.310   8.855 -12.793
12    15.745   6.261 -11.438
12    15.207   7.228 -10.382
12    15.347   4.839 -11.078
14    16.448   8.629 -13.456
12    16.615  10.064 -13.651
12    15.778  10.587 -14.812
16    15.231  11.691 -14.742
12    18.091  10.406 -13.859
12    18.958  10.119 -12.639
12    18.386  10.731 -11.375
16    18.038  11.929 -11.401
16    18.282  10.018 -10.353
14    15.675   9.809 -15.884
12    14.866  10.233 -17.017
12    13.402  10.214 -16.600
16    12.620  11.064 -17.019
12    15.077   9.318 -18.223
12    16.433   9.480 -18.891
12    16.549   8.585 -20.112
12    17.922   8.710 -20.759
14    18.041   7.851 -21.972
14    13.042   9.246 -15.763
12    11.672   9.145 -15.298
12    11.280  10.294 -14.385
16    10.118  10.711 -14.351
14    12.245  10.801 -13.628
12    11.979  11.912 -12.725
12    11.588  13.133 -13.559
16    10.647  13.851 -13.226
12    13.227  12.221 -11.892
12    13.035  13.331 -10.873
12    14.267  13.484 -10.000
12    14.004  14.426  -8.834
14    15.166  14.518  -7.902
14    12.304  13.350 -14.657
12    12.028  14.480 -15.537
12    10.625  14.359 -16.127
16     9.881  15.334 -16.199
12    13.069  14.534 -16.658
12    12.868  15.662 -17.652
12    13.944  15.628 -18.727
12    13.730  16.712 -19.770
14    14.776  16.664 -20.834
14    10.264  13.152 -16.542
12     8.947  12.919 -17.114
12     7.868  13.172 -16.069
16     6.839  13.775 -16.369
12     8.821  11.473 -17.649
12     9.779  11.281 -18.829
12     7.382  11.195 -18.075
12     9.962   9.833 -19.256
14     8.099  12.714 -14.843
12     7.109  12.905 -13.789
12     6.879  14.380 -13.492
16     5.743  14.843 -13.430
12     7.537  12.217 -12.493
12     6.505  12.311 -11.407
12     5.482  11.375 -11.325
12     6.504  13.386 -10.518
12     4.466  11.509 -10.379
12     5.492  13.529  -9.568
12     4.471  12.589  -9.501
14     7.978  15.108 -13.328
14     7.958  15.125 -13.281
12     7.930  16.534 -13.039
12     7.822  16.542 -12.964
12     7.191  17.317 -14.119
12     7.245  17.363 -14.113
16     6.432  18.238 -13.819
16     6.692  18.440 -13.896
12     9.357  17.112 -12.904
12     9.178  17.147 -12.531
12     9.298  18.621 -12.763
12     9.665  16.467 -11.262
12    10.054  16.497 -11.704
12    10.199  16.994 -13.640
14     7.408  16.943 -15.375
14     7.356  16.845 -15.332
12     6.778  17.638 -16.489
12     6.851  17.548 -16.506
12     5.342  17.224 -16.776
12     5.404  17.197 -16.839
16     4.521  18.060 -17.150
16     4.644  18.043 -17.307
12     7.598  17.453 -17.771
12     7.729  17.239 -17.721
12     9.012  17.991 -17.698
12     7.305  17.953 -18.995
12     9.691  18.039 -19.056
12     8.102  17.508 -20.207
16     9.712  17.050 -19.790
16     8.003  16.361 -20.642
14    10.258  19.192 -19.394
14     8.903  18.416 -20.755
14     5.027  15.947 -16.596
12     3.680  15.480 -16.911
12     2.755  14.983 -15.809
16     1.568  14.764 -16.073
12     3.775  14.379 -17.969
12     4.555  14.758 -19.216
12     4.499  13.626 -20.229
12     5.200  13.992 -21.530
14     5.042  12.916 -22.554
14     3.268  14.818 -14.594
12     2.454  14.279 -13.502
12     2.353  15.113 -12.248
16     1.297  15.165 -11.619
12     3.001  12.924 -13.051
14     3.466  15.733 -11.872
12     3.543  16.513 -10.647
12     2.422  17.504 -10.382
16     2.045  17.702  -9.228
12     4.881  17.222 -10.582
14     1.878  18.116 -11.430
12     0.821  19.101 -11.232
12    -0.454  18.510 -10.635
16    -1.294  19.240 -10.120
12     0.496  19.832 -12.547
12    -0.271  19.007 -13.568
12     0.626  18.277 -14.545
16     1.775  17.960 -14.238
14     0.096  17.994 -15.733
14    -0.591  17.188 -10.687
12    -1.777  16.535 -10.132
12    -1.461  15.496  -9.073
16    -2.365  15.032  -8.376
12    -2.572  15.854 -11.239
14    -0.185  15.135  -8.951
12     0.215  14.102  -7.995
12     1.465  14.365  -7.179
16     2.473  14.841  -7.704
12     0.500  12.784  -8.716
12    -0.686  12.150  -9.361
14    -1.656  11.480  -8.647
12    -1.011  12.010 -10.665
12    -2.524  10.947  -9.486
14    -2.155  11.255 -10.715
14     1.405  14.005  -5.902
12     2.577  14.078  -5.038
12     2.948  12.608  -4.851
16     2.086  11.732  -4.950
12     2.290  14.712  -3.648
16     1.197  14.040  -3.011
12     1.970  16.185  -3.794
14     4.220  12.328  -4.598
12     4.657  10.945  -4.428
12     5.159  10.596  -3.032
16     5.217   9.423  -2.675
12     5.789  10.593  -5.413
12     5.292  10.699  -6.844
12     6.978  11.524  -5.189
14     5.518  11.609  -2.250
12     6.069  11.387  -0.915
12     5.059  11.015   0.162
16     3.863  11.281   0.032
12     6.847  12.626  -0.455
12     5.975  13.852  -0.186
12     5.817  14.754  -1.397
16     5.591  14.239  -2.513
16     5.907  15.990  -1.229
14     5.553  10.386   1.226
12     4.697   9.998   2.341
12     4.114  11.257   2.959
16     4.844  12.204   3.253
12     5.497   9.232   3.400
12     4.652   8.771   4.581
12     5.452   7.909   5.543
12     4.574   7.392   6.677
14     5.341   6.558   7.646
14     2.797  11.266   3.147
12     2.143  12.426   3.724
12     1.824  13.503   2.704
16     1.180  14.501   3.035
14     2.281  13.306   1.469
12     2.036  14.270   0.411
12     0.550  14.502   0.236
16    -0.243  13.565   0.274
14     0.170  15.755   0.036
12    -1.235  16.091  -0.111
12    -1.852  15.572  -1.397
16    -1.163  15.323  -2.387
12    -1.421  17.608  -0.056
12    -0.841  18.351  -1.246
12    -1.048  19.855  -1.100
12    -0.526  20.614  -2.307
14    -0.617  22.091  -2.108
14    -3.163  15.384  -1.359
12    -3.888  14.980  -2.550
12    -4.069  16.298  -3.284
16    -4.117  17.355  -2.661
12    -5.277  14.436  -2.213
12    -5.266  13.159  -1.438
14    -4.575  12.040  -1.851
12    -5.907  12.808  -0.298
12    -4.792  11.054  -0.998
14    -5.597  11.495  -0.047
14    -4.152  16.238  -4.603
12    -4.357  17.430  -5.405
12    -5.481  17.059  -6.361
16    -6.488  16.512  -5.921
12    -3.064  17.796  -6.138
12    -1.904  18.014  -5.169
12    -0.852  18.971  -5.709
12    -0.130  18.408  -6.911
14     0.957  19.332  -7.345
14    -5.348  17.360  -7.647
12    -6.401  16.960  -8.577
12    -6.439  15.431  -8.525
16    -7.503  14.811  -8.561
12    -6.093  17.433 -10.014
16    -6.159  18.864 -10.058
12    -7.104  16.859 -10.999
14    -5.255  14.839  -8.417
12    -5.132  13.396  -8.331
12    -4.655  12.992  -6.948
16    -4.168  13.829  -6.187
14    -4.773  11.709  -6.593
12    -4.354  11.201  -5.286
12    -2.850  11.129  -5.068
16    -2.072  10.982  -6.016
12    -4.970   9.808  -5.256
12    -4.845   9.384  -6.691
12    -5.322  10.620  -7.423
14    -2.455  11.225  -3.804
12    -1.059  11.089  -3.441
12    -0.731   9.648  -3.841
16    -1.569   8.753  -3.684
12    -0.894  11.292  -1.935
12     0.440  10.801  -1.431
16     0.542   9.695  -0.903
14     1.477  11.612  -1.613
14     0.481   9.424  -4.345
12     0.891   8.105  -4.823
12     1.836   7.313  -3.925
16     2.337   6.256  -4.323
12     1.522   8.251  -6.214
12     0.642   8.887  -7.298
12     1.465   9.126  -8.554
12    -0.554   7.990  -7.598
14     2.090   7.806  -2.719
12     2.979   7.078  -1.824
12     2.398   5.703  -1.517
16     1.211   5.576  -1.205
12     3.192   7.838  -0.514
12     4.078   7.115   0.449
14     5.441   7.013   0.271
12     3.787   6.392   1.556
12     5.951   6.255   1.225
14     4.969   5.865   2.017
14     3.237   4.678  -1.627
12     2.798   3.318  -1.351
12     2.056   2.654  -2.499
16     1.456   1.591  -2.328
14     2.124   3.271  -3.673
12     1.446   2.789  -4.873
12     1.686   1.324  -5.232
16     0.739   0.562  -5.436
12     1.840   3.668  -6.067
12     1.112   3.359  -7.377
12    -0.356   3.700  -7.222
12     1.728   4.150  -8.523
14     2.950   0.926  -5.315
12     3.263  -0.452  -5.682
12     2.794  -1.466  -4.650
16     3.164  -1.394  -3.479
12     4.764  -0.609  -5.927
12     5.240   0.042  -7.194
12     5.166   1.421  -7.353
12     5.758  -0.725  -8.234
12     5.599   2.030  -8.529
12     6.195  -0.125  -9.416
12     6.115   1.252  -9.563
14     1.974  -2.412  -5.102
12     1.455  -3.432  -4.210
12     0.073  -3.111  -3.674
16    -0.520  -3.916  -2.959
14    -0.444  -1.934  -4.009
12    -1.769  -1.533  -3.546
12    -2.791  -1.609  -4.675
16    -2.468  -1.385  -5.839
12    -1.720  -0.110  -2.979
12    -3.035   0.388  -2.402
12    -2.817   1.659  -1.605
14    -2.432   2.792  -2.439
12    -1.691   3.810  -2.014
14    -1.248   3.830  -0.763
14    -1.402   4.812  -2.835
14    -4.027  -1.945  -4.325
12    -5.092  -2.041  -5.314
12    -5.513  -0.647  -5.754
16    -5.224   0.346  -5.080
12    -6.306  -2.767  -4.731
12    -6.078  -4.231  -4.402
12    -5.883  -5.055  -5.658
12    -6.718  -6.327  -5.601
14    -6.464  -7.121  -4.365
14    -6.207  -0.581  -6.881
12    -6.673   0.694  -7.412
12    -7.650   1.380  -6.464
16    -8.431   0.722  -5.774
12    -7.396   0.512  -8.762
16    -8.559  -0.306  -8.572
12    -6.481  -0.139  -9.775
14    -7.581   2.709  -6.441
12    -8.475   3.525  -5.634
12    -8.520   3.296  -4.142
16    -9.597   3.354  -3.546
14    -7.362   3.073  -3.529
12    -7.320   2.811  -2.097
12    -6.587   3.842  -1.238
16    -6.488   3.668  -0.024
12    -6.736   1.417  -1.844
12    -7.454   0.303  -2.608
12    -8.944   0.237  -2.310
16    -9.766   0.089  -3.217
14    -9.298   0.336  -1.034
14    -6.070   4.908  -1.845
12    -5.394   5.933  -1.053
12    -6.488   6.611  -0.225
16    -7.463   7.118  -0.773
12    -4.704   6.949  -1.959
14    -6.351   6.604   1.110
12    -7.343   7.223   2.000
12    -7.503   8.735   1.841
16    -6.528   9.452   1.626
12    -6.828   6.866   3.393
12    -6.094   5.577   3.165
12    -5.352   5.851   1.887
14    -8.741   9.210   1.944
12    -8.987  10.640   1.861
12    -9.132  11.261   0.488
16    -9.205  12.487   0.379
14    -9.156  10.442  -0.559
12    -9.318  10.961  -1.918
12   -10.577  10.385  -2.552
16   -10.839   9.189  -2.448
12    -8.120  10.608  -2.804
12    -8.239  11.145  -4.202
12    -7.902  12.461  -4.484
12    -8.751  10.346  -5.226
12    -8.073  12.984  -5.765
12    -8.926  10.857  -6.509
12    -8.589  12.176  -6.781
14   -11.340  11.233  -3.230
12   -12.577  10.795  -3.867
12   -12.333  10.267  -5.270
16   -12.292  11.030  -6.231
12   -13.582  11.946  -3.921
16   -13.904  12.395  -2.618
14   -12.168   8.954  -5.373
12   -11.940   8.294  -6.654
12   -13.267   8.072  -7.353
16   -14.321   8.094  -6.719
12   -11.336   6.909  -6.445
12    -9.918   6.859  -5.949
12    -8.849   6.894  -6.840
12    -9.646   6.691  -4.592
12    -7.539   6.746  -6.394
12    -8.339   6.547  -4.134
12    -7.295   6.569  -5.041
16    -6.010   6.370  -4.605
14   -13.213   7.849  -8.661
12   -14.425   7.528  -9.399
12   -14.675   6.072  -9.030
16   -13.764   5.374  -8.569
12   -14.231   7.550 -10.924
16   -13.112   6.722 -11.271
12   -14.024   8.960 -11.431
14   -15.901   5.606  -9.237
12   -16.213   4.218  -8.940
12   -15.465   3.338  -9.937
16   -15.075   2.213  -9.613
12   -17.721   4.001  -9.020
12   -18.452   4.654  -7.865
16   -18.328   4.153  -6.727
16   -19.129   5.677  -8.088
14   -15.246   3.869 -11.140
12   -14.520   3.142 -12.178
12   -13.132   2.757 -11.668
16   -12.710   1.608 -11.798
12   -14.395   4.001 -13.431
14   -12.424   3.719 -11.090
14   -12.436   3.728 -11.080
12   -11.093   3.443 -10.570
12   -11.089   3.528 -10.542
12   -11.158   2.496  -9.375
12   -11.101   2.579  -9.339
16   -10.416   1.513  -9.315
16   -10.269   1.677  -9.240
12   -10.401   4.739 -10.148
12   -10.494   4.890 -10.150
12    -9.048   4.488  -9.513
12    -9.015   4.817  -9.785
16    -8.011   4.528 -10.174
16    -8.288   5.806  -9.914
14    -9.058   4.205  -8.223
14    -8.570   3.661  -9.315
14   -12.046   2.787  -8.429
12   -12.168   1.950  -7.240
12   -12.533   0.505  -7.556
16   -12.175  -0.408  -6.808
12   -13.205   2.539  -6.274
12   -12.743   3.824  -5.604
12   -13.597   4.193  -4.399
12   -15.001   4.610  -4.794
14   -15.747   5.148  -3.618
14   -13.228   0.300  -8.670
12   -13.669  -1.032  -9.070
12   -12.774  -1.794 -10.049
16   -13.014  -2.976 -10.304
12   -15.085  -0.940  -9.645
12   -16.113  -0.539  -8.600
16   -17.245  -0.191  -8.932
14   -15.724  -0.595  -7.330
14   -11.750  -1.141 -10.597
12   -10.856  -1.812 -11.541
12   -10.378  -3.119 -10.916
16   -10.320  -4.155 -11.578
12    -9.664  -0.912 -11.889
12    -8.707  -1.509 -12.915
12    -9.423  -1.882 -14.212
12    -8.461  -2.507 -15.217
14    -9.134  -2.867 -16.501
14   -10.024  -3.057  -9.637
12    -9.611  -4.250  -8.919
12    -8.235  -4.841  -9.146
16    -7.946  -5.914  -8.615
14    -7.387  -4.180  -9.925
12    -6.046  -4.707 -10.151
12    -5.081  -4.138  -9.119
16    -5.418  -3.209  -8.382
12    -5.527  -4.388 -11.585
12    -5.451  -2.876 -11.819
12    -6.455  -5.010 -12.614
12    -4.157  -2.228 -11.349
14    -3.882  -4.705  -9.069
12    -2.858  -4.261  -8.133
12    -1.811  -3.458  -8.897
16    -1.311  -3.907  -9.925
12    -2.175  -5.474  -7.451
16    -3.144  -6.196  -6.679
12    -1.043  -5.018  -6.540
14    -1.491  -2.263  -8.411
12    -0.493  -1.448  -9.085
12     0.896  -2.050  -8.960
16     1.337  -2.450  -7.877
12    -0.510  -0.016  -8.540
12    -1.718   0.747  -8.985
12    -2.645   1.355  -8.189
12    -2.141   0.969 -10.336
14    -3.620   1.941  -8.958
12    -3.338   1.721 -10.280
12    -1.627   0.603 -11.590
12    -4.033   2.119 -11.433
12    -2.317   0.996 -12.735
12    -3.509   1.747 -12.647
14     1.573  -2.117 -10.100
12     2.912  -2.663 -10.175
12     3.492  -2.245 -11.506
16     2.842  -1.540 -12.279
14     4.714  -2.679 -11.785
14     4.709  -2.692 -11.794
12     5.375  -2.311 -13.028
12     5.360  -2.338 -13.049
12     4.561  -2.680 -14.264
12     4.501  -2.657 -14.267
16     4.461  -1.891 -15.205
16     4.306  -1.808 -15.137
12     6.754  -2.970 -13.091
12     6.698  -3.067 -13.180
12     7.617  -2.663 -11.871
12     7.803  -2.519 -12.292
12     8.960  -3.367 -11.898
12     9.111  -3.262 -12.476
16     9.821  -2.988 -12.722
16    10.137  -2.800 -11.934
16     9.151  -4.304 -11.094
16     9.110  -4.310 -13.156
14     3.968  -3.871 -14.249
14     3.988  -3.883 -14.317
12     3.183  -4.353 -15.380
12     3.177  -4.333 -15.441
12     1.878  -3.590 -15.607
12     1.855  -3.590 -15.625
16     1.603  -3.136 -16.716
16     1.543  -3.146 -16.728
12     2.865  -5.842 -15.210
12     2.914  -5.838 -15.327
12     4.078  -6.763 -15.082
12     4.177  -6.702 -15.347
12     4.756  -6.666 -13.730
12     4.854  -6.801 -13.992
16     4.040  -6.668 -12.705
16     5.973  -7.358 -13.918
16     6.004  -6.604 -13.688
16     4.267  -6.331 -12.994
14     1.071  -3.454 -14.561
12    -0.197  -2.751 -14.693
12     0.020  -1.273 -15.009
16    -0.754  -0.677 -15.758
12    -1.086  -2.907 -13.439
16    -0.346  -2.549 -12.267
12    -1.570  -4.343 -13.319
14     1.078  -0.682 -14.457
12     1.361   0.725 -14.729
12     1.778   0.926 -16.185
16     1.425   1.929 -16.805
12     2.456   1.251 -13.790
12     1.993   1.571 -12.364
12     3.213   1.794 -11.473
12     1.086   2.812 -12.372
14     2.522  -0.034 -16.725
14     2.532  -0.025 -16.729
12     2.984   0.037 -18.108
12     2.976   0.065 -18.118
12     1.795   0.167 -19.058
12     1.781   0.188 -19.054
16     1.830   0.946 -20.010
16     1.800   0.977 -19.998
12     3.786  -1.221 -18.458
12     3.790  -1.171 -18.507
12     4.397  -1.206 -19.853
12     5.236  -1.156 -18.047
12     7.137  -1.151 -19.899
12     7.648   0.102 -17.690
14     0.740  -0.592 -18.784
12    -0.459  -0.569 -19.615
12    -1.314   0.670 -19.364
16    -1.763   1.332 -20.300
12    -1.288  -1.832 -19.372
12    -2.458  -1.985 -20.334
12    -3.242  -3.271 -20.123
16    -2.708  -4.217 -19.509
16    -4.399  -3.339 -20.589
14    -1.533   0.981 -18.094
12    -2.332   2.141 -17.719
12    -1.783   3.440 -18.287
16    -2.519   4.239 -18.865
12    -2.390   2.254 -16.199
12    -3.148   3.460 -15.694
12    -4.504   3.620 -15.973
12    -2.521   4.415 -14.895
12    -5.222   4.702 -15.460
12    -3.227   5.496 -14.376
12    -4.579   5.631 -14.661
16    -5.299   6.668 -14.124
14    -0.483   3.646 -18.133
12     0.128   4.880 -18.599
12     0.201   5.027 -20.114
16     0.426   6.124 -20.623
12     1.507   5.044 -17.954
12     1.402   5.123 -16.426
12     2.785   5.245 -15.800
12     0.530   6.313 -16.047
14    -0.005   3.936 -20.842
12     0.015   4.026 -22.295
12    -1.292   4.666 -22.771
16    -1.318   5.404 -23.759
12     0.167   2.641 -22.924
12     0.371   2.690 -24.427
12     0.453   1.315 -25.058
16     0.854   1.233 -26.238
16     0.110   0.320 -24.385
14    -2.371   4.379 -22.051
12    -3.690   4.910 -22.379
12    -4.581   4.695 -21.157
16    -5.237   3.660 -21.018
12    -4.248   4.175 -23.605
12    -5.499   4.827 -24.166
16    -5.823   4.654 -25.345
14    -6.212   5.566 -23.328
14    -4.598   5.676 -20.240
12    -5.397   5.615 -19.012
12    -6.874   5.256 -19.197
16    -7.385   4.353 -18.537
12    -5.206   7.006 -18.415
12    -3.795   7.326 -18.806
12    -3.748   6.882 -20.251
14    -7.550   5.962 -20.098
12    -8.970   5.732 -20.355
12    -9.298   4.328 -20.864
16   -10.382   3.797 -20.601
12    -9.489   6.763 -21.359
12    -9.717   8.149 -20.782
12   -10.818   8.123 -19.738
12   -11.344   9.511 -19.426
14   -12.606   9.454 -18.642
14    -8.370   3.731 -21.601
12    -8.599   2.398 -22.138
12    -8.518   1.352 -21.033
16    -9.308   0.412 -21.002
12    -7.577   2.093 -23.235
12    -7.790   0.760 -23.937
12    -6.909   0.634 -25.174
12    -7.267   1.690 -26.216
14    -6.467   1.561 -27.471
14    -7.570   1.531 -20.117
12    -7.384   0.591 -19.016
12    -8.461   0.750 -17.947
16    -8.905  -0.231 -17.359
12    -6.004   0.790 -18.392
12    -5.569  -0.331 -17.478
12    -5.477  -1.643 -17.944
12    -5.208  -0.073 -16.160
12    -5.030  -2.667 -17.114
12    -4.759  -1.087 -15.323
12    -4.672  -2.380 -15.806
16    -4.232  -3.379 -14.974
14    -8.874   1.990 -17.695
12    -9.917   2.256 -16.707
12   -10.975   3.189 -17.296
16   -10.977   4.400 -17.051
12    -9.334   2.882 -15.417
12    -8.275   1.947 -14.828
12   -10.449   3.116 -14.396
12    -7.644   2.444 -13.544
14   -11.890   2.632 -18.097
12   -12.949   3.435 -18.713
12   -13.730   4.224 -17.660
16   -14.180   3.668 -16.661
12   -13.809   2.386 -19.412
12   -12.802   1.333 -19.791
12   -11.961   1.228 -18.542
14   -13.871   5.524 -17.887
12   -14.601   6.361 -16.955
12   -13.725   7.081 -15.945
16   -14.221   7.881 -15.158
14   -12.427   6.802 -15.958
12   -11.522   7.454 -15.021
12   -11.592   8.965 -15.206
16   -11.811   9.445 -16.315
12   -10.066   7.007 -15.241
16    -9.225   7.637 -14.270
12    -9.593   7.400 -16.628
14   -11.418   9.719 -14.126
12   -11.451  11.170 -14.249
12   -10.052  11.751 -14.403
16    -9.867  12.970 -14.370
12   -12.178  11.816 -13.065
12   -11.556  11.600 -11.705
12   -12.385  12.307 -10.641
12   -11.876  12.006  -9.240
14   -12.632  12.777  -8.212
14    -9.067  10.874 -14.570
12    -7.696  11.322 -14.780
12    -7.606  11.780 -16.225
16    -7.793  10.984 -17.142
12    -6.694  10.183 -14.551
12    -5.288  10.492 -15.076
12    -2.893   9.210 -15.715
14    -7.338  13.065 -16.425
12    -7.218  13.608 -17.767
12    -5.757  13.583 -18.194
16    -4.977  14.470 -17.845
12    -7.732  15.058 -17.837
12    -9.157  15.128 -17.282
12    -7.699  15.551 -19.281
12   -10.142  14.192 -17.966
14    -5.397  12.546 -18.938
12    -4.044  12.376 -19.444
12    -4.124  11.419 -20.626
16    -4.585  10.286 -20.484
12    -3.128  11.797 -18.369
12    -1.708  11.650 -18.818
12    -0.928  12.774 -19.074
12    -1.166  10.391 -19.041
12     0.373  12.645 -19.551
12     0.133  10.249 -19.519
12     0.905  11.379 -19.776
14    -3.669  11.883 -21.787
12    -3.707  11.097 -23.018
12    -2.931   9.787 -22.965
16    -3.366   8.776 -23.521
12    -3.202  11.946 -24.180
14    -1.779   9.811 -22.305
12    -0.953   8.623 -22.208
12     0.428   8.872 -22.785
16     0.656   9.868 -23.475
14     1.355   7.969 -22.490
12     2.718   8.073 -22.988
12     2.900   6.959 -24.013
16     2.833   5.782 -23.675
12     3.729   7.915 -21.835
12     3.531   9.056 -20.830
12     5.155   7.913 -22.379
12     4.400   8.959 -19.593
14     3.121   7.344 -25.267
12     3.274   6.389 -26.360
12     4.541   5.537 -26.341
16     4.477   4.322 -26.520
12     3.187   7.129 -27.702
12     3.393   6.244 -28.924
12     3.382   7.070 -30.203
12     3.601   6.198 -31.430
14     2.538   5.164 -31.575
14     5.687   6.170 -26.127
12     6.958   5.454 -26.128
12     7.164   4.482 -24.971
16     7.092   4.862 -23.804
12     8.108   6.456 -26.168
12     8.136   7.288 -27.440
12     9.355   8.191 -27.484
12    10.645   7.387 -27.373
14    10.782   6.371 -28.456
14     7.431   3.222 -25.307
12     7.655   2.186 -24.304
12     8.782   2.580 -23.351
16     8.649   2.459 -22.134
12     8.010   0.853 -24.975
12     8.170  -0.300 -23.992
12     8.560  -1.614 -24.671
12     9.997  -1.586 -25.175
14    10.451  -2.922 -25.666
14     9.890   3.048 -23.917
12    11.027   3.444 -23.103
12    10.728   4.541 -22.098
16    11.232   4.517 -20.968
14     9.915   5.510 -22.502
12     9.565   6.611 -21.617
12     8.721   6.091 -20.457
16     8.891   6.522 -19.317
12     8.841   7.712 -22.400
12     9.654   8.203 -23.598
12     9.081   9.447 -24.256
16     7.843   9.610 -24.271
16     9.876  10.261 -24.773
14     7.817   5.160 -20.748
14     7.812   5.166 -20.742
12     6.979   4.582 -19.703
12     6.986   4.598 -19.685
12     7.854   3.790 -18.737
12     7.860   3.793 -18.729
16     7.637   3.821 -17.525
16     7.648   3.816 -17.517
12     5.906   3.665 -20.303
12     5.890   3.710 -20.276
12     4.844   4.389 -21.120
12     4.651   4.475 -20.719
12     3.613   3.513 -21.339
12     3.653   3.550 -21.385
14     3.886   2.339 -22.168
14     4.114   3.147 -22.709
12     4.029   2.370 -23.490
12     3.733   2.037 -23.331
14     4.278   1.252 -24.161
14     2.881   1.207 -22.746
14     3.911   3.516 -24.146
14     4.204   1.760 -24.539
14     8.849   3.088 -19.275
12     9.755   2.296 -18.447
12    10.531   3.204 -17.502
16    10.672   2.900 -16.318
12    10.731   1.493 -19.318
12    10.088   0.319 -20.037
12    11.025  -0.370 -21.011
16    10.669  -1.463 -21.502
16    12.110   0.180 -21.295
14    11.018   4.327 -18.022
12    11.770   5.272 -17.202
12    10.892   5.859 -16.096
16    11.282   5.898 -14.928
12    12.335   6.407 -18.068
12    13.338   5.915 -19.095
16    13.934   4.837 -18.877
16    13.537   6.611 -20.113
14     9.703   6.315 -16.470
12     8.773   6.900 -15.509
12     8.402   5.905 -14.412
16     8.335   6.259 -13.233
12     7.503   7.359 -16.224
12     6.369   7.882 -15.342
12     6.823   9.104 -14.556
12     5.186   8.233 -16.219
14     8.155   4.661 -14.803
12     7.789   3.639 -13.838
12     8.947   3.330 -12.890
16     8.729   3.075 -11.710
12     7.282   2.376 -14.566
12     5.902   2.691 -15.164
12     7.220   1.181 -13.611
12     5.317   1.613 -16.027
14    10.174   3.382 -13.402
12    11.350   3.140 -12.571
12    11.438   4.238 -11.512
16    11.740   3.973 -10.346
12    12.613   3.128 -13.428
14    11.165   5.476 -11.917
12    11.195   6.587 -10.975
12    10.087   6.430  -9.934
16    10.310   6.639  -8.745
12    11.019   7.918 -11.706
12    10.813   9.072 -10.760
12    11.853   9.530  -9.956
12     9.560   9.664 -10.618
12    11.652  10.544  -9.028
12     9.350  10.684  -9.694
12    10.399  11.114  -8.903
16    10.194  12.107  -7.974
14     8.888   6.071 -10.379
12     7.770   5.890  -9.459
12     8.054   4.791  -8.437
16     7.705   4.918  -7.261
12     6.495   5.543 -10.234
12     5.850   6.673 -11.036
12     4.761   6.098 -11.935
12     5.274   7.717 -10.088
14     8.694   3.715  -8.886
12     9.012   2.598  -8.004
12     9.880   3.070  -6.845
16     9.733   2.608  -5.714
12     9.727   1.493  -8.788
12     9.897   0.197  -8.010
12    10.457  -0.905  -8.896
12    10.531  -2.230  -8.149
14    11.042  -3.323  -9.020
14    10.784   3.997  -7.132
12    11.657   4.538  -6.101
12    10.991   5.635  -5.267
16    10.887   5.526  -4.043
12    12.930   5.101  -6.739
12    13.829   5.844  -5.767
12    15.066   6.377  -6.461
12    15.924   7.184  -5.505
14    17.162   7.675  -6.170
14    10.523   6.680  -5.943
12     9.928   7.836  -5.277
12     8.688   7.597  -4.426
16     8.459   8.326  -3.459
12     9.643   8.928  -6.304
14     7.884   6.598  -4.773
12     6.677   6.336  -4.002
12     6.945   5.366  -2.860
16     6.026   4.994  -2.137
12     5.531   5.762  -4.886
16     5.899   4.466  -5.376
12     5.250   6.685  -6.067
14     8.207   4.972  -2.695
12     8.591   4.035  -1.643
12     9.646   4.596  -0.687
16    10.177   3.866   0.147
12     9.105   2.733  -2.275
12     9.333   1.627  -1.253
16     8.424   1.247  -0.517
14    10.553   1.101  -1.211
14     9.955   5.885  -0.800
12    10.952   6.484   0.087
12    10.331   7.342   1.186
16    10.970   8.342   1.583
12    11.950   7.329  -0.718
12    13.061   6.521  -1.374
12    14.177   7.390  -1.934
16    15.224   6.827  -2.321
16    14.010   8.628  -1.988
16     9.224   6.993   1.656
